6.0 
6.5 
7.0 
6.0 
6.5 
7.0 
6.5 
7.0 
6.5 
7.0 
6.5 
6.0 
5.5 
5.0 
5.5 
6.0 
5.5 
6.0 
6.0 
6.0 
6.0 
6.0 
6.0 
6.0 
6.5 
7.0 
7.0 
6.5 
7.0 
7.0 
7.0 
7.0 
7.0 
7.0 
7.0 
7.0 
7.0 
7.0 
7.0 
7.0 
7.0 
7.0 
7.0 
7.0 
7.0 
7.0 
7.0 
7.0 
7.0 
7.0 
7.0 
7.0 
7.0 
7.0 
7.0 
7.0 
7.0 
7.0 
7.0 
7.0 
7.0 
7.0 
7.0 
7.0 
7.0 
7.0 
7.0 
7.0 
7.0 
7.0 
7.0 
7.0 
7.0 
7.0 
7.0 
7.0 
7.0 
7.0 
7.0 
7.0 
7.0 
7.0 
6.5 
6.0 
6.0 
6.0 
6.0 
6.0 
6.5 
6.0 
6.0 
6.0 
6.0 
6.0 
6.0 
6.0 
6.0 
6.0 
6.0 
6.0 
6.0 
6.0 
6.0 
6.0 
6.0 
6.0 
6.5 
6.0 
6.5 
7.0 
6.5 
7.0 
6.5 
7.0 
7.0 
7.0 
6.5 
6.0 
6.5 
6.0 
6.5 
7.0 
7.0 
7.0 
7.0 
7.0 
7.0 
7.0 
7.0 
7.0 
7.0 
7.0 
7.0 
7.0 
6.5 
7.0 
6.5 
7.0 
7.0 
7.0 
7.0 
7.0 
6.5 
6.0 
6.0 
6.0 
6.0 
6.0 
6.0 
6.0 
6.0 
6.0 
6.0 
6.0 
6.0 
6.0 
6.0 
6.0 
6.0 
6.0 
6.0 
6.0 
6.0 
